%%% Parameters for battery model

Battery_U_OCV = [3.30418348312378,3.34052950143814,3.39670062065125,3.45287173986435,3.49516528844833,3.52886795997620,3.55596226453781,3.58173489570618,3.60816836357117,3.63922768831253,3.67491286993027,3.71588474512100,3.76082164049149,3.80774104595184,3.85399961471558,3.89563232660294,3.94123005867004,3.99806201457977,4.05291146039963,4.09322249889374,4.17913126945496]; %Open circuit voltage [V]
Battery_Capacity_Ah = 3.3 ; %Battery Capacity [Ah]
Battery_SOC0 = 60; %Initial SOC value [%]
Battery_SOC =[0	5	10	15	20	25	30	35	40	45	50	55	60	65	70	75	80	85	90	95	100]; %SOC values [%]

Battery_R1 = 0.0377; %R1 resistance from ECM [Ohm]
Battery_C1 = 4772.1624; %C1 capacitance from ECM [Farad]
Battery_Rs = 0.0942; %Rs Series resistance from ECM [Ohm]


