
Eg = 1.12
N = 1.5
Vt = 6.7084e+22
Is = 2.16e-08
Tn = 298.15
Ki = 0.0017